// 아이템 ID,	drop,	교환창올리기,	창고,	카트,	NPC판매,	메일,	옥션,	길드창고	   
// 이형식은 공백 라인을 인정하지 않습니다. 주의하세요.	
25087	1	1	1	1	0	1	1	1	//낡은인형
25088	1	1	0	1	0	1	1	1	//꿈의파편
23063	1	1	1	1	1	1	1	1	//얼어붙은꿈
23036	1	1	1	1	1	1	1	1	//교황용병소환서2
23037	1	1	1	1	1	1	1	1	//사복교황용병소환서2
23025	1	1	1	1	1	1	1	1	//교황용병소환서
23026	1	1	1	1	1	1	1	1	//사복교황용병소환서
23027	1	1	0	1	0	1	1	1	//민들레반지
28412	1	1	1	1	1	1	1	1	//풋사과용절대반지
17646	1	1	0	1	1	1	1	1	//LC탑승용고삐상자
17650	1	1	0	1	1	1	1	1	//제련용광석상자12
17651	1	1	0	1	1	1	1	1	//제련용광석상자12세트10
23072	1	1	0	1	1	1	1	1	//천사스크롤
23073	1	1	0	1	1	1	1	1	//천사포링부츠상자
28413	1	1	0	1	0	1	1	1	//하급전갱이부적
28414	1	1	0	1	0	1	1	1	//중급전갱이부적
28415	1	1	0	1	0	1	1	1	//상급전갱이부적
28416	1	1	0	1	0	1	1	1	//하급잎부적
28417	1	1	0	1	0	1	1	1	//중급잎부적
28418	1	1	0	1	0	1	1	1	//상급잎부적
28419	1	1	0	1	0	1	1	1	//하급토끼부적
28420	1	1	0	1	0	1	1	1	//중급토끼부적
28421	1	1	0	1	0	1	1	1	//상급토끼부적
28422	1	1	0	1	0	1	1	1	//빛나는가지부적
28423	1	1	0	1	0	1	1	1	//신선한다랑어부적
28424	1	1	0	1	0	1	1	1	//통통한지렁이부적

